0.000000 0.000000
0.000100 0.043750
0.000200 0.087500
0.000300 0.131250
0.000400 0.175000
0.000500 0.218750
0.000600 0.262500
0.000700 0.306250
0.000800 0.350000
0.000900 0.393750
0.001000 0.437500
0.001100 0.481250
0.001200 0.525000
0.001300 0.568750
0.001400 0.612500
0.001500 0.656250
0.001600 0.700000
0.001700 0.743750
0.001800 0.787500
0.001900 0.831250
0.002000 0.875000
0.002100 0.918750
0.002200 0.962500
0.002300 1.006250
0.002400 1.050000
0.002500 1.093750
0.002600 1.137500
0.002700 1.181250
0.002800 1.225000
0.002900 1.268750
0.003000 1.312500
0.003100 1.356250
0.003200 1.400000
0.003300 1.443750
0.003400 1.487500
0.003500 1.531250
0.003600 1.575000
0.003700 1.618750
0.003800 1.662500
0.003900 1.706250
0.004000 1.750000
0.004100 1.793750
0.004200 1.837500
0.004300 1.881250
0.004400 1.925000
0.004500 1.968750
0.004600 2.012500
0.004700 2.056250
0.004800 2.100000
0.004900 2.143750
0.005000 2.187500
0.005100 2.231250
0.005200 2.275000
0.005300 2.318750
0.005400 2.362500
0.005500 2.406250
0.005600 2.450000
0.005700 2.493750
0.005800 2.537500
0.005900 2.581250
0.006000 2.625000
0.006100 2.668750
0.006200 2.712500
0.006300 2.756250
0.006400 2.800000
0.006500 2.843750
0.006600 2.887500
0.006700 2.931250
0.006800 2.975000
0.006900 3.018750
0.007000 3.062500
0.007100 3.106250
0.007200 3.150000
0.007300 3.193750
0.007400 3.237500
0.007500 3.281250
0.007600 3.325000
0.007700 3.368750
0.007800 3.412500
0.007900 3.456250
0.008000 3.500000
0.008100 3.543750
0.008200 3.587500
0.008300 3.631250
0.008400 3.675000
0.008500 3.718750
0.008600 3.762500
0.008700 3.806250
0.008800 3.850000
0.008900 3.893750
0.009000 3.937500
0.009100 3.981250
0.009200 4.025000
0.009300 4.068750
0.009400 4.112500
0.009500 4.156250
0.009600 4.200000
0.009700 4.243750
0.009800 4.287500
0.009900 4.331250
0.010000 4.375000
0.010100 4.418750
0.010200 4.462500
0.010300 4.506250
0.010400 4.550000
0.010500 4.593750
0.010600 4.637500
0.010700 4.681250
0.010800 4.725000
0.010900 4.768750
0.011000 4.812500
0.011100 4.856250
0.011200 4.900000
0.011300 4.943750
0.011400 4.987500
0.011500 5.031250
0.011600 5.075000
0.011700 5.118750
0.011800 5.162500
0.011900 5.206250
0.012000 5.250000
0.012100 5.293750
0.012200 5.337500
0.012300 5.381250
0.012400 5.425000
0.012500 5.468750
0.012600 5.512500
0.012700 5.556250
0.012800 5.600000
0.012900 5.643750
0.013000 5.687500
0.013100 5.731250
0.013200 5.775000
0.013300 5.818750
0.013400 5.862500
0.013500 5.906250
0.013600 5.950000
0.013700 5.993750
0.013800 6.037500
0.013900 6.081250
0.014000 6.125000
0.014100 6.168750
0.014200 6.212500
0.014300 6.256250
0.014400 6.300000
0.014500 6.343750
0.014600 6.387500
0.014700 6.431250
0.014800 6.475000
0.014900 6.518750
0.015000 6.562500
0.015100 6.606250
0.015200 6.650000
0.015300 6.693750
0.015400 6.737500
0.015500 6.781250
0.015600 6.825000
0.015700 6.868750
0.015800 6.912500
0.015900 6.956250
0.016000 7.000000
0.016100 6.825002
0.016200 6.649999
0.016300 6.474999
0.016400 6.299999
0.016500 6.125000
0.016600 5.950000
0.016700 5.775000
0.016800 5.600000
0.016900 5.425001
0.017000 5.250001
0.017100 5.075001
0.017200 4.900002
0.017300 4.724998
0.017400 4.549999
0.017500 4.374999
0.017600 4.199999
0.017700 4.025000
0.017800 3.850000
0.017900 3.675000
0.018000 3.500001
0.018100 3.325001
0.018200 3.150001
0.018300 2.975002
0.018400 2.799999
0.018500 2.624999
0.018600 2.449999
0.018700 2.274999
0.018800 2.100000
0.018900 1.925000
0.019000 1.750000
0.019100 1.575001
0.019200 1.400001
0.019300 1.225001
0.019400 1.050002
0.019500 0.874999
0.019600 0.699999
0.019700 0.524999
0.019800 0.349999
0.019900 0.175000
