0.000000       nan
0.000150       0.116667
0.000300       0.233333
0.000450       0.350000
0.000600       0.466667
0.000750       0.583333
0.000900       0.700000
0.001050       0.816667
0.001200       0.933333
0.001350       1.050000
0.001500       1.166667
0.001650       1.283333
0.001800       1.400000
0.001950       1.516667
0.002100       1.633333
0.002250       1.750000
0.002400       1.866667
0.002550       1.983333
0.002700       2.100000
0.002850       2.216667
0.003000       2.333333
0.003150       2.450000
0.003300       2.566667
0.003450       2.683333
0.003600       2.800000
0.003750       2.916667
0.003900       3.033333
0.004050       3.150000
0.004200       3.266667
0.004350       3.383334
0.004500       3.500000
0.004650       3.616667
0.004800       3.733334
0.004950       3.850001
0.005100       3.966668
0.005250       4.083335
0.005400       4.200001
0.005550       4.316669
0.005700       4.433335
0.005850       4.550002
0.006000       4.666669
0.006150       4.783336
0.006300       4.900002
0.006450       5.016669
0.006600       5.133336
0.006750       5.250003
0.006900       5.366670
0.007050       5.483336
0.007200       5.600004
0.007350       5.716670
0.007500       5.833337
0.007650       5.950004
0.007800       6.066671
0.007950       6.183338
0.008100       6.300004
0.008250       6.416670
0.008400       6.533337
0.008550       6.650003
0.008700       6.766670
0.008850       6.883337
0.009000       6.999999
0.009150       6.949999
0.009300       6.899999
0.009450       6.849999
0.009600       6.799999
0.009750       6.749999
0.009900       6.699999
0.010050       6.649999
0.010200       6.599999
0.010350       6.550000
0.010500       6.500000
0.010650       6.450000
0.010800       6.400000
0.010950       6.350000
0.011100       6.300000
0.011250       6.250000
0.011400       6.200000
0.011550       6.150000
0.011700       6.100000
0.011850       6.050000
0.012000       6.000000
0.012150       5.950001
0.012300       5.900001
0.012450       5.850001
0.012600       5.800001
0.012750       5.750001
0.012900       5.700001
0.013050       5.650001
0.013200       5.600001
0.013350       5.550001
0.013500       5.500001
0.013650       5.450001
0.013800       5.400002
0.013950       5.350001
0.014100       5.300002
0.014250       5.250002
0.014400       5.200002
0.014550       5.150002
0.014700       5.100002
0.014850       5.050002
0.015000       5.000002
0.015150       4.950002
0.015300       4.900002
0.015450       4.850002
0.015600       4.800003
0.015750       4.750002
0.015900       4.700002
0.016050       4.650002
0.016200       4.600001
0.016350       4.550001
0.016500       4.500001
0.016650       4.450001
0.016800       4.400001
0.016950       4.350000
0.017100       4.300000
0.017250       4.250000
0.017400       4.200000
0.017550       4.150000
0.017700       4.099999
0.017850       4.049999
0.018000       3.999999
0.018150       3.949999
0.018300       3.899999
0.018450       3.849998
0.018600       3.799998
0.018750       3.749998
0.018900       3.699997
0.019050       3.649997
0.019200       3.599997
0.019350       3.549997
0.019500       3.499997
0.019650       3.449996
0.019800       3.399996
0.019950       3.349996
0.020100       3.299995
0.020250       3.249995
0.020400       3.199995
0.020550       3.149995
0.020700       3.099995
0.020850       3.049994
0.021000       2.999994
0.021150       2.949994
0.021300       2.899994
0.021450       2.849994
0.021600       2.799994
0.021750       2.749993
0.021900       2.699993
0.022050       2.649992
0.022200       2.599993
0.022350       2.549993
0.022500       2.499992
0.022650       2.449992
0.022800       2.399992
0.022950       2.349991
0.023100       2.299991
0.023250       2.249991
0.023400       2.199991
0.023550       2.149991
0.023700       2.099990
0.023850       2.049990
0.024000       1.999990
0.024150       1.949990
0.024300       1.899990
0.024450       1.849989
0.024600       1.799989
0.024750       1.749989
0.024900       1.699988
0.025050       1.649988
0.025200       1.599988
0.025350       1.549988
0.025500       1.499988
0.025650       1.449987
0.025800       1.399987
0.025950       1.349987
0.026100       1.299986
0.026250       1.249986
0.026400       1.199986
0.026550       1.149986
0.026700       1.099986
0.026850       1.049985
0.027000       0.999985
0.027150       0.949985
0.027300       0.899985
0.027450       0.849985
0.027600       0.799984
0.027750       0.749984
0.027900       0.699984
0.028050       0.649983
0.028200       0.599984
0.028350       0.549984
0.028500       0.499983
0.028650       0.449983
0.028800       0.399982
0.028950       0.349982
0.029100       0.299982
0.029250       0.249982
0.029400       0.199981
0.029550       0.149981
0.029700       0.099981
0.029850       0.049981
