
0.000000    0.000000
0.000100    0.000000
0.000200    0.000000
0.000300    0.000001
0.000400    0.000001
0.000500    0.000002
0.000600    0.000003
0.000700    0.000003
0.000800    0.000004
0.000900    0.000006
0.001000    0.000007
0.001100    0.000008
0.001200    0.000010
0.001300    0.000012
0.001400    0.000014
0.001500    0.000016
0.001600    0.000018
0.001700    0.000020
0.001800    0.000023
0.001900    0.000025
0.002000    0.000028
0.002100    0.000031
0.002200    0.000034
0.002300    0.000037
0.002400    0.000040
0.002500    0.000044
0.002600    0.000047
0.002700    0.000051
0.002800    0.000055
0.002900    0.000059
0.003000    0.000063
0.003100    0.000067
0.003200    0.000072
0.003300    0.000076
0.003400    0.000081
0.003500    0.000086
0.003600    0.000091
0.003700    0.000096
0.003800    0.000101
0.003900    0.000106
0.004000    0.000112
0.004100    0.000118
0.004200    0.000123
0.004300    0.000129
0.004400    0.000136
0.004500    0.000142
0.004600    0.000148
0.004700    0.000155
0.004800    0.000161
0.004900    0.000168
0.005000    0.000175
0.005100    0.000182
0.005200    0.000189
0.005300    0.000197
0.005400    0.000204
0.005500    0.000212
0.005600    0.000220
0.005700    0.000227
0.005800    0.000235
0.005900    0.000244
0.006000    0.000252
0.006100    0.000260
0.006200    0.000269
0.006300    0.000278
0.006400    0.000287
0.006500    0.000296
0.006600    0.000305
0.006700    0.000314
0.006800    0.000324
0.006900    0.000333
0.007000    0.000343
0.007100    0.000353
0.007200    0.000363
0.007300    0.000373
0.007400    0.000383
0.007500    0.000394
0.007600    0.000404
0.007700    0.000415
0.007800    0.000426
0.007900    0.000437
0.008000    0.000448
0.008100    0.000459
0.008200    0.000471
0.008300    0.000482
0.008400    0.000494
0.008500    0.000506
0.008600    0.000518
0.008700    0.000530
0.008800    0.000542
0.008900    0.000554
0.009000    0.000567
0.009100    0.000580
0.009200    0.000592
0.009300    0.000605
0.009400    0.000619
0.009500    0.000632
0.009600    0.000645
0.009700    0.000659
0.009800    0.000672
0.009900    0.000686
0.010000    0.000700
0.010100    0.000714
0.010200    0.000728
0.010300    0.000743
0.010400    0.000757
0.010500    0.000772
0.010600    0.000787
0.010700    0.000801
0.010800    0.000816
0.010900    0.000832
0.011000    0.000847
0.011100    0.000862
0.011200    0.000878
0.011300    0.000894
0.011400    0.000910
0.011500    0.000926
0.011600    0.000942
0.011700    0.000958
0.011800    0.000975
0.011900    0.000991
0.012000    0.001008
0.012100    0.001025
0.012200    0.001042
0.012300    0.001059
0.012400    0.001076
0.012500    0.001094
0.012600    0.001111
0.012700    0.001129
0.012800    0.001147
0.012900    0.001165
0.013000    0.001183
0.013100    0.001201
0.013200    0.001220
0.013300    0.001238
0.013400    0.001257
0.013500    0.001276
0.013600    0.001295
0.013700    0.001314
0.013800    0.001333
0.013900    0.001352
0.014000    0.001372
0.014100    0.001392
0.014200    0.001411
0.014300    0.001431
0.014400    0.001452
0.014500    0.001472
0.014600    0.001492
0.014700    0.001513
0.014800    0.001533
0.014900    0.001554
0.015000    0.001575
0.015100    0.001596
0.015200    0.001617
0.015300    0.001639
0.015400    0.001660
0.015500    0.001682
0.015600    0.001704
0.015700    0.001725
0.015800    0.001747
0.015900    0.001770
0.016000    0.001792
0.016100    0.001792
0.016200    0.001792
0.016300    0.001792
0.016400    0.001792
0.016500    0.001792
0.016600    0.001792
0.016700    0.001792
0.016800    0.001792
0.016900    0.001792
0.017000    0.001792
0.017100    0.001792
0.017200    0.001792
0.017300    0.001792
0.017400    0.001792
0.017500    0.001792
0.017600    0.001792
0.017700    0.001792
0.017800    0.001792
0.017900    0.001792
0.018000    0.001792
0.018100    0.001792
0.018200    0.001792
0.018300    0.001792
0.018400    0.001792
0.018500    0.001792
0.018600    0.001792
0.018700    0.001792
0.018800    0.001792
0.018900    0.001792
0.019000    0.001792
0.019100    0.001792
0.019200    0.001792
0.019300    0.001792
0.019400    0.001792
0.019500    0.001792
0.019600    0.001792
0.019700    0.001792
0.019800    0.001792
0.019900    0.001792
0.020000    0.001792