0 0
0.0001 0.04375
0.0002 0.0875
0.0003 0.13125
0.0004 0.175
0.0005 0.21875
0.0006 0.2625
0.0007 0.30625
0.0008 0.35
0.0009 0.39375
0.001 0.4375
0.0011 0.48125
0.0012 0.525
0.0013 0.56875
0.0014 0.6125
0.0015 0.65625
0.0016 0.7
0.0017 0.74375
0.0018 0.7875
0.0019 0.83125
0.002 0.875
0.0021 0.91875
0.0022 0.9625
0.0023 1.00625
0.0024 1.05
0.0025 1.09375
0.0026 1.1375
0.0027 1.18125
0.0028 1.225
0.0029 1.26875
0.003 1.3125
0.0031 1.35625
0.0032 1.4
0.0033 1.44375
0.0034 1.4875
0.0035 1.53125
0.0036 1.575
0.0037 1.61875
0.0038 1.6625
0.0039 1.70625
0.004 1.75
0.0041 1.79375
0.0042 1.8375
0.0043 1.88125
0.0044 1.925
0.0045 1.96875
0.0046 2.0125
0.0047 2.05625
0.0048 2.1
0.0049 2.14375
0.005 2.1875
0.0051 2.23125
0.0052 2.275
0.0053 2.31875
0.0054 2.3625
0.0055 2.40625
0.0056 2.45
0.0057 2.49375
0.0058 2.5375
0.0059 2.58125
0.006 2.625
0.0061 2.66875
0.0062 2.7125
0.0063 2.75625
0.0064 2.8
0.0065 2.84375
0.0066 2.8875
0.0067 2.93125
0.0068 2.975
0.0069 3.01875
0.007 3.0625
0.0071 3.10625
0.0072 3.15
0.0073 3.19375
0.0074 3.2375
0.0075 3.28125
0.0076 3.325
0.0077 3.36875
0.0078 3.4125
0.0079 3.45625
0.008 3.5
0.0081 3.54375
0.0082 3.5875
0.0083 3.63125
0.0084 3.675
0.0085 3.71875
0.0086 3.7625
0.0087 3.80625
0.0088 3.85
0.0089 3.89375
0.009 3.9375
0.0091 3.98125
0.0092 4.025
0.0093 4.06875
0.0094 4.1125
0.0095 4.15625
0.0096 4.2
0.0097 4.24375
0.0098 4.2875
0.0099 4.33125
0.01 4.375
0.0101 4.41875
0.0102 4.4625
0.0103 4.50625
0.0104 4.55
0.0105 4.59375
0.0106 4.6375
0.0107 4.68125
0.0108 4.725
0.0109 4.76875
0.011 4.8125
0.0111 4.85625
0.0112 4.9
0.0113 4.94375
0.0114 4.9875
0.0115 5.03125
0.0116 5.075
0.0117 5.11875
0.0118 5.1625
0.0119 5.20625
0.012 5.25
0.0121 5.29375
0.0122 5.3375
0.0123 5.38125
0.0124 5.425
0.0125 5.46875
0.0126 5.5125
0.0127 5.55625
0.0128 5.6
0.0129 5.64375
0.013 5.6875
0.0131 5.73125
0.0132 5.775
0.0133 5.81875
0.0134 5.8625
0.0135 5.90625
0.0136 5.95
0.0137 5.99375
0.0138 6.0375
0.0139 6.08125
0.014 6.125
0.0141 6.16875
0.0142 6.2125
0.0143 6.25625
0.0144 6.3
0.0145 6.34375
0.0146 6.3875
0.0147 6.43125
0.0148 6.475
0.0149 6.51875
0.015 6.5625
0.0151 6.60625
0.0152 6.65
0.0153 6.69375
0.0154 6.7375
0.0155 6.78125
0.0156 6.825
0.0157 6.86875
0.0158 6.9125
0.0159 6.95625
0.016 7
0.0161 6.825
0.0162 6.65
0.0163 6.475
0.0164 6.3
0.0165 6.125
0.0166 5.95
0.0167 5.775
0.0168 5.6
0.0169 5.425
0.017 5.25
0.0171 5.075
0.0172 4.9
0.0173 4.725
0.0174 4.55
0.0175 4.375
0.0176 4.2
0.0177 4.025
0.0178 3.85
0.0179 3.675
0.018 3.5
0.0181 3.325
0.0182 3.15
0.0183 2.975
0.0184 2.8
0.0185 2.625
0.0186 2.45
0.0187 2.275
0.0188 2.1
0.0189 1.925
0.019 1.75
0.0191 1.575
0.0192 1.4
0.0193 1.225
0.0194 1.05
0.0195 0.874999
0.0196 0.699999
0.0197 0.524999
0.0198 0.349999
0.0199 0.175
