0.0001 0.167148
0.0002 0.138215
0.0003 0.128911
0.0004 0.137266
0.0005 0.160897
0.0006 0.197144
0.0007 0.243215
0.0008 0.296329
0.0009 0.353846
0.001 0.41339
0.0011 0.472933
0.0012 0.530866
0.0013 0.586034
0.0014 0.637733
0.0015 0.685696
0.0016 0.730037
0.0017 0.771187
0.0018 0.809812
0.0019 0.846723
0.002 0.882789
0.0021 0.918855
0.0022 0.955671
0.0023 0.993836
0.0024 1.03376
0.0025 1.07565
0.0026 1.11952
0.0027 1.16517
0.0028 1.21227
0.0029 1.26039
0.003 1.30902
0.0031 1.35765
0.0032 1.40581
0.0033 1.4531
0.0034 1.49924
0.0035 1.54407
0.0036 1.58757
0.0037 1.62984
0.0038 1.67109
0.0039 1.71164
0.004 1.75182
0.0041 1.79199
0.0042 1.83252
0.0043 1.87368
0.0044 1.91571
0.0045 1.95873
0.0046 2.00277
0.0047 2.04775
0.0048 2.09353
0.0049 2.13986
0.005 2.18649
0.0051 2.23312
0.0052 2.27946
0.0053 2.32528
0.0054 2.3704
0.0055 2.4147
0.0056 2.45815
0.0057 2.5008
0.0058 2.54279
0.0059 2.5843
0.006 2.62556
0.0061 2.66682
0.0062 2.70832
0.0063 2.75028
0.0064 2.79286
0.0065 2.83617
0.0066 2.88024
0.0067 2.92502
0.0068 2.9704
0.0069 3.01621
0.007 3.06225
0.0071 3.1083
0.0072 3.15412
0.0073 3.19951
0.0074 3.24432
0.0075 3.28845
0.0076 3.33186
0.0077 3.37459
0.0078 3.41675
0.0079 3.45848
0.008 3.5
0.0081 3.54152
0.0082 3.58326
0.0083 3.62542
0.0084 3.66815
0.0085 3.71156
0.0086 3.75569
0.0087 3.8005
0.0088 3.84589
0.0089 3.89171
0.009 3.93775
0.0091 3.98379
0.0092 4.02961
0.0093 4.07499
0.0094 4.11977
0.0095 4.16383
0.0096 4.20714
0.0097 4.24972
0.0098 4.29169
0.0099 4.33319
0.01 4.37445
0.0101 4.41571
0.0102 4.45722
0.0103 4.4992
0.0104 4.54186
0.0105 4.58531
0.0106 4.6296
0.0107 4.67472
0.0108 4.72055
0.0109 4.76689
0.011 4.81352
0.0111 4.86014
0.0112 4.90648
0.0113 4.95225
0.0114 4.99724
0.0115 5.04127
0.0116 5.08429
0.0117 5.12632
0.0118 5.16749
0.0119 5.20801
0.012 5.24819
0.0121 5.28837
0.0122 5.32891
0.0123 5.37017
0.0124 5.41244
0.0125 5.45594
0.0126 5.50077
0.0127 5.54691
0.0128 5.5942
0.0129 5.64235
0.013 5.69098
0.0131 5.73961
0.0132 5.78773
0.0133 5.83484
0.0134 5.88049
0.0135 5.92435
0.0136 5.96624
0.0137 6.00617
0.0138 6.04433
0.0139 6.08115
0.014 6.11721
0.0141 6.15328
0.0142 6.19019
0.0143 6.22882
0.0144 6.26997
0.0145 6.31431
0.0146 6.36227
0.0147 6.41398
0.0148 6.46914
0.0149 6.52708
0.015 6.58662
0.0151 6.64616
0.0152 6.70368
0.0153 6.75679
0.0154 6.80286
0.0155 6.83911
0.0156 6.86274
0.0157 6.87109
0.0158 6.86178
0.0159 6.83285
0.016 6.78285
0.0161 6.71097
0.0162 6.6171
0.0163 6.50182
0.0164 6.36644
0.0165 6.21288
0.0166 6.04364
0.0167 5.86164
0.0168 5.67007
0.0169 5.47225
0.017 5.2714
0.0171 5.07056
0.0172 4.87235
0.0173 4.67887
0.0174 4.49162
0.0175 4.31144
0.0176 4.13844
0.0177 3.97213
0.0178 3.81139
0.0179 3.65466
0.018 3.5
0.0181 3.34535
0.0182 3.18861
0.0183 3.02788
0.0184 2.86156
0.0185 2.68857
0.0186 2.50838
0.0187 2.32114
0.0188 2.12766
0.0189 1.92944
0.019 1.7286
0.0191 1.52776
0.0192 1.32994
0.0193 1.13837
0.0194 0.956363
0.0195 0.78712
0.0196 0.633562
0.0197 0.498177
0.0198 0.382902
0.0199 0.289031
