-3  2
-2.9  2
-2.8  2
-2.7  2
-2.6  2
-2.5  2
-2.4  2
-2.3  2
-2.2  2
-2.1  2
-2  2
-1.9  2
-1.8  2
-1.7  2
-1.6  2
-1.5  2
-1.4  2.04
-1.3  2.31
-1.2  2.56
-1.1  2.79
-1  3
-0.900001  3.19
-0.800001  3.36
-0.700001  3.51
-0.600001  3.64
-0.500001  3.75
-0.400001  3.84
-0.300001  3.91
-0.200001  3.96
-0.100001  3.99
-6.12438e-07  4
0.0999994  3.99
0.199999  3.96
0.299999  3.91
0.399999  3.84
0.499999  3.75
0.599999  3.64
0.699999  3.51
0.799999  3.36
0.899999  3.19
0.999999  3
1.1  2.79
1.2  2.56
1.3  2.31
1.4  2.04
1.5  1.75
1.6  2
1.7  2
1.8  2
1.9  2
2  2
2.1  2
2.2  2
2.3  2
2.4  2
2.5  2
2.6  2
2.7  2
2.8  2
2.9  2
3  2
