0.000100 0.167148
0.000200 0.138215
0.000300 0.128911
0.000400 0.137266
0.000500 0.160897
0.000600 0.197144
0.000700 0.243215
0.000800 0.296329
0.000900 0.353846
0.001000 0.413390
0.001100 0.472933
0.001200 0.530866
0.001300 0.586034
0.001400 0.637733
0.001500 0.685696
0.001600 0.730037
0.001700 0.771187
0.001800 0.809812
0.001900 0.846723
0.002000 0.882789
0.002100 0.918855
0.002200 0.955671
0.002300 0.993836
0.002400 1.033761
0.002500 1.075653
0.002600 1.119516
0.002700 1.165168
0.002800 1.212274
0.002900 1.260393
0.003000 1.309023
0.003100 1.357653
0.003200 1.405810
0.003300 1.453100
0.003400 1.499238
0.003500 1.544068
0.003600 1.587566
0.003700 1.629836
0.003800 1.671094
0.003900 1.711637
0.004000 1.751815
0.004100 1.791993
0.004200 1.832518
0.004300 1.873684
0.004400 1.915713
0.004500 1.958732
0.004600 2.002770
0.004700 2.047755
0.004800 2.093528
0.004900 2.139864
0.005000 2.186490
0.005100 2.233115
0.005200 2.279461
0.005300 2.325285
0.005400 2.370401
0.005500 2.414699
0.005600 2.458147
0.005700 2.500802
0.005800 2.542788
0.005900 2.584297
0.006000 2.625557
0.006100 2.666817
0.006200 2.708320
0.006300 2.750280
0.006400 2.792863
0.006500 2.836172
0.006600 2.880237
0.006700 2.925015
0.006800 2.970397
0.006900 3.016212
0.007000 3.062255
0.007100 3.108298
0.007200 3.154115
0.007300 3.199508
0.007400 3.244318
0.007500 3.288445
0.007600 3.331857
0.007700 3.374589
0.007800 3.416746
0.007900 3.458484
0.008000 3.500003
0.008100 3.541521
0.008200 3.583260
0.008300 3.625416
0.008400 3.668149
0.008500 3.711561
0.008600 3.755688
0.008700 3.800499
0.008800 3.845891
0.008900 3.891709
0.009000 3.937751
0.009100 3.983794
0.009200 4.029609
0.009300 4.074991
0.009400 4.119769
0.009500 4.163834
0.009600 4.207142
0.009700 4.249724
0.009800 4.291685
0.009900 4.333188
0.010000 4.374448
0.010100 4.415708
0.010200 4.457216
0.010300 4.499205
0.010400 4.541859
0.010500 4.585308
0.010600 4.629605
0.010700 4.674722
0.010800 4.720546
0.010900 4.766892
0.011000 4.813518
0.011100 4.860143
0.011200 4.906478
0.011300 4.952251
0.011400 4.997235
0.011500 5.041274
0.011600 5.084293
0.011700 5.126320
0.011800 5.167487
0.011900 5.208011
0.012000 5.248189
0.012100 5.288368
0.012200 5.328911
0.012300 5.370169
0.012400 5.412441
0.012500 5.455938
0.012600 5.500768
0.012700 5.546907
0.012800 5.594198
0.012900 5.642354
0.013000 5.690984
0.013100 5.739614
0.013200 5.787734
0.013300 5.834838
0.013400 5.880489
0.013500 5.924351
0.013600 5.966244
0.013700 6.006167
0.013800 6.044333
0.013900 6.081149
0.014000 6.117215
0.014100 6.153282
0.014200 6.190194
0.014300 6.228818
0.014400 6.269969
0.014500 6.314312
0.014600 6.362275
0.014700 6.413975
0.014800 6.469144
0.014900 6.527078
0.015000 6.586621
0.015100 6.646163
0.015200 6.703680
0.015300 6.756792
0.015400 6.802862
0.015500 6.839108
0.015600 6.862736
0.015700 6.871087
0.015800 6.861781
0.015900 6.832845
0.016000 6.782846
0.016100 6.710971
0.016200 6.617098
0.016300 6.501824
0.016400 6.366439
0.016500 6.212883
0.016600 6.043644
0.016700 5.861642
0.016800 5.670073
0.016900 5.472245
0.017000 5.271405
0.017100 5.070565
0.017200 4.872350
0.017300 4.678869
0.017400 4.491623
0.017500 4.311435
0.017600 4.138443
0.017700 3.972130
0.017800 3.811393
0.017900 3.654655
0.018000 3.500003
0.018100 3.345351
0.018200 3.188613
0.018300 3.027876
0.018400 2.861560
0.018500 2.688569
0.018600 2.508381
0.018700 2.321136
0.018800 2.127659
0.018900 1.929445
0.019000 1.728604
0.019100 1.527764
0.019200 1.329936
0.019300 1.138366
0.019400 0.956363
0.019500 0.787120
0.019600 0.633562
0.019700 0.498177
0.019800 0.382902
0.019900 0.289031
